  11000.0   1000.0    242.2    291.0    473.5     69.0      7.4      5.3     96.0     0.0     0.0     0.0     50.3      3.1     42.1      1.0
  11000.0    990.0    242.2    291.0    473.5     69.0      7.4      5.3     96.0     0.0     0.0     0.0     50.3      3.1     42.1      1.0
  11000.0    980.0    242.2    291.0    473.5     69.0      7.4      5.3     96.0     0.0     0.0     0.0     50.3      3.1     42.1      1.0
  11000.0    970.0    242.2    291.0    473.5     69.0      7.4      5.3     96.0     0.0     0.0     0.0     50.3      3.1     42.1      1.0
  11000.0    960.0    242.2    291.0    473.5     69.0      7.4      5.3     96.0     0.0     0.0     0.0     50.3      3.1     42.1      1.0
  11000.0    950.0    242.2    291.0    473.5     69.0      7.4      5.3     96.0     0.0     0.0     0.0     50.3      3.1     42.1      1.0
  11000.0    940.0    242.2    291.0    473.5     69.0      7.4      5.3     96.0     0.0     0.0     0.0     50.3      3.1     42.1      1.0
  11000.0    930.0    242.2    291.0    473.5     69.0      7.4      5.3     96.0     0.0     0.0     0.0     50.3      3.1     42.1      1.0
  11000.0    920.0    242.2    291.0    473.5     69.0      7.4      5.3     96.0     0.0     0.0     0.0     50.3      3.1     42.1      1.0
  11000.0    910.0    242.2    291.0    473.5     69.0      7.4      5.3     96.0     0.0     0.0     0.0     50.3      3.1     42.1      1.0
  11000.0    900.0    242.2    291.0    473.5     69.0      7.4      5.3     96.0     0.0     0.0     0.0     50.3      3.1     42.1      1.0
  11000.0    890.0    242.2    291.0    473.5     69.0      7.4      5.3     96.0     0.0     0.0     0.0     50.3      3.1     42.1      1.0
  11000.0    880.0    242.2    291.0    473.5     69.0      7.4      5.3     96.0     0.0     0.0     0.0     50.3      3.1     42.1      1.0
  11000.0    870.0    242.2    291.0    473.5     69.0      7.4      5.3     96.0     0.0     0.0     0.0     50.3      3.1     42.1      1.0
  11000.0    860.0    242.2    291.0    473.5     69.0      7.4      5.3     96.0     0.0     0.0     0.0     50.3      3.1     42.1      1.0
  11000.0    850.0    242.2    291.0    473.5     69.0      7.4      5.3     96.0     0.0     0.0     0.0     50.3      3.1     42.1      1.0
  11000.0    840.0    242.2    291.0    473.5     69.0      7.4      5.3     96.0     0.0     0.0     0.0     50.3      3.1     42.1      1.0
  11000.0    830.0    242.2    291.0    473.5     69.0      7.4      5.3     96.0     0.0     0.0     0.0     50.3      3.1     42.1      1.0
  11000.0    820.0    242.2    291.0    473.5     69.0      7.4      5.3     96.0     0.0     0.0     0.0     50.3      3.1     42.1      1.0
  11000.0    810.0    242.2    291.0    473.5     69.0      7.4      5.3     96.0     0.0     0.0     0.0     50.3      3.1     42.1      1.0
  11000.0    800.0    242.2    291.0    473.5     69.0      7.4      5.3     96.0     0.0     0.0     0.0     50.3      3.1     42.1      1.0
  11000.0    790.0    242.2    291.0    473.5     69.0      7.4      5.3     96.0     0.0     0.0     0.0     50.3      3.1     42.1      1.0
  11000.0    780.0    242.2    291.0    473.5     69.0      7.4      5.3     96.0     0.0     0.0     0.0     50.3      3.1     42.1      1.0
  11000.0    770.0    242.2    291.0    473.5     69.0      7.4      5.3     96.0     0.0     0.0     0.0     50.3      3.1     42.1      1.0
  11000.0    760.0    242.2    291.0    473.5     69.0      7.4      5.3     96.0     0.0     0.0     0.0     50.3      3.1     42.1      1.0
  11000.0    750.0    242.2    291.0    473.5     69.0      7.4      5.3     96.0     0.0     0.0     0.0     50.3      3.1     42.1      1.0
  11000.0    740.0    242.2    291.0    473.5     69.0      7.4      5.3     96.0     0.0     0.0     0.0     50.3      3.1     42.1      1.0
  11000.0    730.0    242.2    291.0    473.5     69.0      7.4      5.3     96.0     0.0     0.0     0.0     50.3      3.1     42.1      1.0
  11000.0    720.0    242.2    291.0    473.5     69.0      7.4      5.3     96.0     0.0     0.0     0.0     50.3      3.1     42.1      1.0
  11000.0    710.0    242.2    291.0    473.5     69.0      7.4      5.3     96.0     0.0     0.0     0.0     50.3      3.1     42.1      1.0
  11000.0    700.0    242.2    291.0    473.5     69.0      7.4      5.3     96.0     0.0     0.0     0.0     50.3      3.1     42.1      1.0
  11000.0    690.0    242.2    291.0    473.5     69.0      7.4      5.3     96.0     0.0     0.0     0.0     50.3      3.1     42.1      1.0
  11000.0    680.0    242.2    291.0    473.5     69.0      7.4      5.3     96.0     0.0     0.0     0.0     50.3      3.1     42.1      1.0
  11000.0    670.0    242.2    291.0    473.5     69.0      7.4      5.3     96.0     0.0     0.0     0.0     50.3      3.1     42.1      1.0
  11000.0    660.0    242.2    291.0    473.5     69.0      7.4      5.3     96.0     0.0     0.0     0.0     50.3      3.1     42.1      1.0
  11000.0    650.0    242.2    291.0    473.5     69.0      7.4      5.3     96.0     0.0     0.0     0.0     50.3      3.1     42.1      1.0
  11000.0    640.0    242.2    291.0    473.5     69.0      7.4      5.3     96.0     0.0     0.0     0.0     50.3      3.1     42.1      1.0
  11000.0    630.0    242.2    291.0    473.5     69.0      7.4      5.3     96.0     0.0     0.0     0.0     50.3      3.1     42.1      1.0
  11000.0    620.0    242.2    291.0    473.5     69.0      7.4      5.3     96.0     0.0     0.0     0.0     50.3      3.1     42.1      1.0
  11000.0    610.0    242.2    291.0    473.5     69.0      7.4      5.3     96.0     0.0     0.0     0.0     50.3      3.1     42.1      1.0
  11000.0    600.0    242.2    291.0    473.5     69.0      7.4      5.3     96.0     0.0     0.0     0.0     50.3      3.1     42.1      1.0
  11000.0    590.0    242.2    291.0    473.5     69.0      7.4      5.3     96.0     0.0     0.0     0.0     50.3      3.1     42.1      1.0
  11000.0    580.0    242.2    291.0    473.5     69.0      7.4      5.3     96.0     0.0     0.0     0.0     50.3      3.1     42.1      1.0
  11000.0    570.0    242.2    291.0    473.5     69.0      7.4      5.3     96.0     0.0     0.0     0.0     50.3      3.1     42.1      1.0
  11000.0    560.0    242.2    291.0    473.5     69.0      7.4      5.3     96.0     0.0     0.0     0.0     50.3      3.1     42.1      1.0
  11000.0    550.0    242.2    291.0    473.5     69.0      7.4      5.3     96.0     0.0     0.0     0.0     50.3      3.1     42.1      1.0
  11000.0    540.0    242.2    291.0    473.5     69.0      7.4      5.3     96.0     0.0     0.0     0.0     50.3      3.1     42.1      1.0
  11000.0    530.0    242.2    291.0    473.5     69.0      7.4      5.3     96.0     0.0     0.0     0.0     50.3      3.1     42.1      1.0
  11000.0    520.0    242.2    291.0    473.5     69.0      7.4      5.3     96.0     0.0     0.0     0.0     50.3      3.1     42.1      1.0
  11000.0    510.0    242.2    291.0    473.5     69.0      7.4      5.3     96.0     0.0     0.0     0.0     50.3      3.1     42.1      1.0
  11000.0    500.0    242.2    291.0    473.5     69.0      7.4      5.3     96.0     0.0     0.0     0.0     50.3      3.1     42.1      1.0
  11000.0    490.0    242.2    291.0    473.5     69.0      7.4      5.3     96.0     0.0     0.0     0.0     50.3      3.1     42.1      1.0
  11000.0    480.0    242.2    291.0    473.5     69.0      7.4      5.3     96.0     0.0     0.0     0.0     50.3      3.1     42.1      1.0
  11000.0    470.0    242.2    291.0    473.5     69.0      7.4      5.3     96.0     0.0     0.0     0.0     50.3      3.1     42.1      1.0
  11000.0    460.0    242.2    291.0    473.5     69.0      7.4      5.3     96.0     0.0     0.0     0.0     50.3      3.1     42.1      1.0
  11000.0    450.0    242.2    291.0    473.5     69.0      7.4      5.3     96.0     0.0     0.0     0.0     50.3      3.1     42.1      1.0
  11000.0    440.0    242.2    291.0    473.5     69.0      7.4      5.3     96.0     0.0     0.0     0.0     50.3      3.1     42.1      1.0
  11000.0    430.0    242.2    291.0    473.5     69.0      7.4      5.3     96.0     0.0     0.0     0.0     50.3      3.1     42.1      1.0
  11000.0    420.0    242.2    291.0    473.5     69.0      7.4      5.3     96.0     0.0     0.0     0.0     50.3      3.1     42.1      1.0
  11000.0    410.0    242.2    291.0    473.5     69.0      7.4      5.3     96.0     0.0     0.0     0.0     50.3      3.1     42.1      1.0
  11000.0    400.0    242.2    291.0    473.5     69.0      7.4      5.3     96.0     0.0     0.0     0.0     50.3      3.1     42.1      1.0
  11000.0    390.0    242.2    291.0    473.5     69.0      7.4      5.3     96.0     0.0     0.0     0.0     50.3      3.1     42.1      1.0
  11000.0    380.0    242.2    291.0    473.5     69.0      7.4      5.3     96.0     0.0     0.0     0.0     50.3      3.1     42.1      1.0
  11000.0    370.0    242.2    291.0    473.5     69.0      7.4      5.3     96.0     0.0     0.0     0.0     50.3      3.1     42.1      1.0
  11000.0    360.0    242.2    291.0    473.5     69.0      7.4      5.3     96.0     0.0     0.0     0.0     50.3      3.1     42.1      1.0
  11000.0    350.0    242.2    291.0    473.5     69.0      7.4      5.3     96.0     0.0     0.0     0.0     50.3      3.1     42.1      1.0
  11000.0    340.0    242.2    291.0    473.5     69.0      7.4      5.3     96.0     0.0     0.0     0.0     50.3      3.1     42.1      1.0
  11000.0    330.0    242.2    291.0    473.5     69.0      7.4      5.3     96.0     0.0     0.0     0.0     50.3      3.1     42.1      1.0
  11000.0    320.0    242.2    291.0    473.5     69.0      7.4      5.3     96.0     0.0     0.0     0.0     50.3      3.1     42.1      1.0
  11000.0    310.0    242.2    291.0    473.5     69.0      7.4      5.3     96.0     0.0     0.0     0.0     50.3      3.1     42.1      1.0
  11000.0    300.0    242.2    291.0    473.5     69.0      7.4      5.3     96.0     0.0     0.0     0.0     50.3      3.1     42.1      1.0
  11000.0    290.0    242.2    291.0    473.5     69.0      7.4      5.3     96.0     0.0     0.0     0.0     50.3      3.1     42.1      1.0
  11000.0    280.0    242.2    291.0    473.5     69.0      7.4      5.3     96.0     0.0     0.0     0.0     50.3      3.1     42.1      1.0
  11000.0    270.0    242.2    291.0    473.5     69.0      7.4      5.3     96.0     0.0     0.0     0.0     50.3      3.1     42.1      1.0
  11000.0    260.0    242.2    291.0    473.5     69.0      7.4      5.3     96.0     0.0     0.0     0.0     50.3      3.1     42.1      1.0
  11000.0    250.0    242.2    291.0    473.5     69.0      7.4      5.3     96.0     0.0     0.0     0.0     50.3      3.1     42.1      1.0
  11000.0    240.0    242.2    291.0    473.5     69.0      7.4      5.3     96.0     0.0     0.0     0.0     50.3      3.1     42.1      1.0
  11000.0    230.0    242.2    291.0    473.5     69.0      7.4      5.3     96.0     0.0     0.0     0.0     50.3      3.1     42.1      1.0
  11000.0    220.0    242.2    291.0    473.5     69.0      7.4      5.3     96.0     0.0     0.0     0.0     50.3      3.1     42.1      1.0
  11000.0    210.0    242.2    291.0    473.5     69.0      7.4      5.3     96.0     0.0     0.0     0.0     50.3      3.1     42.1      1.0
  11000.0    200.0    242.2    291.0    473.5     69.0      7.4      5.3     96.0     0.0     0.0     0.0     50.3      3.1     42.1      1.0
  11000.0    190.0    242.2    291.0    473.5     69.0      7.4      5.3     96.0     0.0     0.0     0.0     50.3      3.1     42.1      1.0
  11000.0    180.0    242.2    291.0    473.5     69.0      7.4      5.3     96.0     0.0     0.0     0.0     50.3      3.1     42.1      1.0
  11000.0    170.0    242.2    291.0    473.5     69.0      7.4      5.3     96.0     0.0     0.0     0.0     50.3      3.1     42.1      1.0
  11000.0    160.0    242.2    291.0    473.5     69.0      7.4      5.3     96.0     0.0     0.0     0.0     50.3      3.1     42.1      1.0
  11000.0    150.0    242.2    291.0    473.5     69.0      7.4      5.3     96.0     0.0     0.0     0.0     50.3      3.1     42.1      1.0
  11000.0    145.0    242.2    291.0    473.5     69.0      7.4      5.3     96.0     0.0     0.0     0.0     50.3      3.1     42.1      1.0
  11000.0    138.0    242.2    291.0    473.5     69.0      7.4      5.3     96.0     0.0     0.0     0.0     50.3      3.1     42.1      1.0
  11000.0    120.0    242.2    291.0    473.5     69.0      7.4      5.3     96.0     0.0     0.0     0.0     50.3      3.1     42.1      1.0
  11000.0    115.0    242.2    291.0    473.5     69.0      7.4      5.3     96.0     0.0     0.0     0.0     50.3      3.1     42.1      1.0
  11000.0    100.0    242.2    291.0    473.5     69.0      7.4      5.3     96.0     0.0     0.0     0.0     50.3      3.1     42.1      1.0
  11000.0     90.0    242.2    291.0    473.5     69.0      7.4      5.3     96.0     0.0     0.0     0.0     50.3      3.1     42.1      1.0
  11000.0     80.0    242.2    291.0    473.5     69.0      7.4      5.3     96.0     0.0     0.0     0.0     50.3      3.1     42.1      1.0
  11000.0     70.0    242.2    291.0    473.5     69.0      7.4      5.3     96.0     0.0     0.0     0.0     50.3      3.1     42.1      1.0
  11000.0     60.0    242.2    291.0    473.5     69.0      7.4      5.3     96.0     0.0     0.0     0.0     50.3      3.1     42.1      1.0
  11000.0     50.0    242.2    291.0    473.5     69.0      7.4      5.3     96.0     0.0     0.0     0.0     50.3      3.1     42.1      1.0
  11000.0     40.0    242.2    291.0    473.5     69.0      7.4      5.3     96.0     0.0     0.0     0.0     50.3      3.1     42.1      1.0
  11000.0     30.0    242.2    291.0    473.5     69.0      7.4      5.3     96.0     0.0     0.0     0.0     50.3      3.1     42.1      1.0
  11000.0     20.0    242.2    291.0    473.5     69.0      7.4      5.3     96.0     0.0     0.0     0.0     50.3      3.1     42.1      1.0
