  6000.0   1000.0    300.0    320.0    473.5     69.0      7.4      5.3     96.0     0.0     0.0     0.0     50.3      3.1     42.1      1.0
  6000.0    990.0    300.0    320.0    473.5     69.0      7.4      5.3     96.0     0.0     0.0     0.0     50.3      3.1     42.1      1.0
  6000.0    980.0    300.0    320.0    473.5     69.0      7.4      5.3     96.0     0.0     0.0     0.0     50.3      3.1     42.1      1.0
  6000.0    970.0    300.0    320.0    473.5     69.0      7.4      5.3     96.0     0.0     0.0     0.0     50.3      3.1     42.1      1.0
  6000.0    960.0    300.0    320.0    473.5     69.0      7.4      5.3     96.0     0.0     0.0     0.0     50.3      3.1     42.1      1.0
  6000.0    945.0    300.0    320.0    473.5     69.0      7.4      5.3     96.0     0.0     0.0     0.0     50.3      3.1     42.1      1.0
  6000.0    940.0    300.0    320.0    473.5     69.0      7.4      5.3     96.0     0.0     0.0     0.0     50.3      3.1     42.1      1.0
  6000.0    930.0    300.0    320.0    473.5     69.0      7.4      5.3     96.0     0.0     0.0     0.0     50.3      3.1     42.1      1.0
  6000.0    920.0    300.0    320.0    473.5     69.0      7.4      5.3     96.0     0.0     0.0     0.0     50.3      3.1     42.1      1.0
  6000.0    910.0    300.0    320.0    473.5     69.0      7.4      5.3     96.0     0.0     0.0     0.0     50.3      3.1     42.1      1.0
  6000.0    900.0    300.0    320.0    473.5     69.0      7.4      5.3     96.0     0.0     0.0     0.0     50.3      3.1     42.1      1.0
  6000.0    890.0    300.0    320.0    473.5     69.0      7.4      5.3     96.0     0.0     0.0     0.0     50.3      3.1     42.1      1.0
  6000.0    880.0    300.0    320.0    473.5     69.0      7.4      5.3     96.0     0.0     0.0     0.0     50.3      3.1     42.1      1.0
  6000.0    870.0    300.0    320.0    473.5     69.0      7.4      5.3     96.0     0.0     0.0     0.0     50.3      3.1     42.1      1.0
  6000.0    860.0    300.0    320.0    473.5     69.0      7.4      5.3     96.0     0.0     0.0     0.0     50.3      3.1     42.1      1.0
  6000.0    850.0    300.0    320.0    473.5     69.0      7.4      5.3     96.0     0.0     0.0     0.0     50.3      3.1     42.1      1.0
  6000.0    840.0    300.0    320.0    473.5     69.0      7.4      5.3     96.0     0.0     0.0     0.0     50.3      3.1     42.1      1.0
  6000.0    830.0    300.0    320.0    473.5     69.0      7.4      5.3     96.0     0.0     0.0     0.0     50.3      3.1     42.1      1.0
  6000.0    820.0    300.0    320.0    473.5     69.0      7.4      5.3     96.0     0.0     0.0     0.0     50.3      3.1     42.1      1.0
  6000.0    810.0    300.0    320.0    473.5     69.0      7.4      5.3     96.0     0.0     0.0     0.0     50.3      3.1     42.1      1.0
  6000.0    800.0    300.0    320.0    473.5     69.0      7.4      5.3     96.0     0.0     0.0     0.0     50.3      3.1     42.1      1.0
  6000.0    790.0    300.0    320.0    473.5     69.0      7.4      5.3     96.0     0.0     0.0     0.0     50.3      3.1     42.1      1.0
  6000.0    780.0    300.0    320.0    473.5     69.0      7.4      5.3     96.0     0.0     0.0     0.0     50.3      3.1     42.1      1.0
  6000.0    770.0    300.0    320.0    473.5     69.0      7.4      5.3     96.0     0.0     0.0     0.0     50.3      3.1     42.1      1.0
  6000.0    760.0    300.0    320.0    473.5     69.0      7.4      5.3     96.0     0.0     0.0     0.0     50.3      3.1     42.1      1.0
  6000.0    750.0    300.0    320.0    473.5     69.0      7.4      5.3     96.0     0.0     0.0     0.0     50.3      3.1     42.1      1.0
  6000.0    740.0    300.0    320.0    473.5     69.0      7.4      5.3     96.0     0.0     0.0     0.0     50.3      3.1     42.1      1.0
  6000.0    730.0    300.0    320.0    473.5     69.0      7.4      5.3     96.0     0.0     0.0     0.0     50.3      3.1     42.1      1.0
  6000.0    720.0    300.0    320.0    473.5     69.0      7.4      5.3     96.0     0.0     0.0     0.0     50.3      3.1     42.1      1.0
  6000.0    710.0    300.0    320.0    473.5     69.0      7.4      5.3     96.0     0.0     0.0     0.0     50.3      3.1     42.1      1.0
  6000.0    700.0    300.0    320.0    473.5     69.0      7.4      5.3     96.0     0.0     0.0     0.0     50.3      3.1     42.1      1.0
  6000.0    690.0    300.0    320.0    473.5     69.0      7.4      5.3     96.0     0.0     0.0     0.0     50.3      3.1     42.1      1.0
  6000.0    680.0    300.0    320.0    473.5     69.0      7.4      5.3     96.0     0.0     0.0     0.0     50.3      3.1     42.1      1.0
  6000.0    670.0    300.0    320.0    473.5     69.0      7.4      5.3     96.0     0.0     0.0     0.0     50.3      3.1     42.1      1.0
  6000.0    660.0    300.0    320.0    473.5     69.0      7.4      5.3     96.0     0.0     0.0     0.0     50.3      3.1     42.1      1.0
  6000.0    650.0    300.0    320.0    473.5     69.0      7.4      5.3     96.0     0.0     0.0     0.0     50.3      3.1     42.1      1.0
  6000.0    640.0    300.0    320.0    473.5     69.0      7.4      5.3     96.0     0.0     0.0     0.0     50.3      3.1     42.1      1.0
  6000.0    630.0    300.0    320.0    473.5     69.0      7.4      5.3     96.0     0.0     0.0     0.0     50.3      3.1     42.1      1.0
  6000.0    620.0    300.0    320.0    473.5     69.0      7.4      5.3     96.0     0.0     0.0     0.0     50.3      3.1     42.1      1.0
  6000.0    610.0    300.0    320.0    473.5     69.0      7.4      5.3     96.0     0.0     0.0     0.0     50.3      3.1     42.1      1.0
  6000.0    600.0    300.0    320.0    473.5     69.0      7.4      5.3     96.0     0.0     0.0     0.0     50.3      3.1     42.1      1.0
  6000.0    590.0    300.0    320.0    473.5     69.0      7.4      5.3     96.0     0.0     0.0     0.0     50.3      3.1     42.1      1.0
  6000.0    580.0    300.0    320.0    473.5     69.0      7.4      5.3     96.0     0.0     0.0     0.0     50.3      3.1     42.1      1.0
  6000.0    570.0    300.0    320.0    473.5     69.0      7.4      5.3     96.0     0.0     0.0     0.0     50.3      3.1     42.1      1.0
  6000.0    560.0    300.0    320.0    473.5     69.0      7.4      5.3     96.0     0.0     0.0     0.0     50.3      3.1     42.1      1.0
  6000.0    550.0    300.0    320.0    473.5     69.0      7.4      5.3     96.0     0.0     0.0     0.0     50.3      3.1     42.1      1.0
  6000.0    540.0    300.0    320.0    473.5     69.0      7.4      5.3     96.0     0.0     0.0     0.0     50.3      3.1     42.1      1.0
  6000.0    530.0    300.0    320.0    473.5     69.0      7.4      5.3     96.0     0.0     0.0     0.0     50.3      3.1     42.1      1.0
  6000.0    520.0    300.0    320.0    473.5     69.0      7.4      5.3     96.0     0.0     0.0     0.0     50.3      3.1     42.1      1.0
  6000.0    510.0    300.0    320.0    473.5     69.0      7.4      5.3     96.0     0.0     0.0     0.0     50.3      3.1     42.1      1.0
  6000.0    500.0    300.0    320.0    473.5     69.0      7.4      5.3     96.0     0.0     0.0     0.0     50.3      3.1     42.1      1.0
  6000.0    490.0    300.0    320.0    473.5     69.0      7.4      5.3     96.0     0.0     0.0     0.0     50.3      3.1     42.1      1.0
  6000.0    480.0    300.0    320.0    473.5     69.0      7.4      5.3     96.0     0.0     0.0     0.0     50.3      3.1     42.1      1.0
  6000.0    470.0    300.0    320.0    473.5     69.0      7.4      5.3     96.0     0.0     0.0     0.0     50.3      3.1     42.1      1.0
  6000.0    460.0    300.0    320.0    473.5     69.0      7.4      5.3     96.0     0.0     0.0     0.0     50.3      3.1     42.1      1.0
  6000.0    450.0    300.0    320.0    473.5     69.0      7.4      5.3     96.0     0.0     0.0     0.0     50.3      3.1     42.1      1.0
  6000.0    440.0    300.0    320.0    473.5     69.0      7.4      5.3     96.0     0.0     0.0     0.0     50.3      3.1     42.1      1.0
  6000.0    430.0    300.0    320.0    473.5     69.0      7.4      5.3     96.0     0.0     0.0     0.0     50.3      3.1     42.1      1.0
  6000.0    420.0    300.0    320.0    473.5     69.0      7.4      5.3     96.0     0.0     0.0     0.0     50.3      3.1     42.1      1.0
  6000.0    410.0    300.0    320.0    473.5     69.0      7.4      5.3     96.0     0.0     0.0     0.0     50.3      3.1     42.1      1.0
  6000.0    400.0    300.0    320.0    473.5     69.0      7.4      5.3     96.0     0.0     0.0     0.0     50.3      3.1     42.1      1.0
  6000.0    390.0    300.0    320.0    473.5     69.0      7.4      5.3     96.0     0.0     0.0     0.0     50.3      3.1     42.1      1.0
  6000.0    380.0    300.0    320.0    473.5     69.0      7.4      5.3     96.0     0.0     0.0     0.0     50.3      3.1     42.1      1.0
  6000.0    370.0    300.0    320.0    473.5     69.0      7.4      5.3     96.0     0.0     0.0     0.0     50.3      3.1     42.1      1.0
  6000.0    360.0    300.0    320.0    473.5     69.0      7.4      5.3     96.0     0.0     0.0     0.0     50.3      3.1     42.1      1.0
  6000.0    350.0    300.0    320.0    473.5     69.0      7.4      5.3     96.0     0.0     0.0     0.0     50.3      3.1     42.1      1.0
  6000.0    340.0    300.0    320.0    473.5     69.0      7.4      5.3     96.0     0.0     0.0     0.0     50.3      3.1     42.1      1.0
  6000.0    330.0    300.0    320.0    473.5     69.0      7.4      5.3     96.0     0.0     0.0     0.0     50.3      3.1     42.1      1.0
  6000.0    320.0    300.0    320.0    473.5     69.0      7.4      5.3     96.0     0.0     0.0     0.0     50.3      3.1     42.1      1.0
  6000.0    310.0    300.0    320.0    473.5     69.0      7.4      5.3     96.0     0.0     0.0     0.0     50.3      3.1     42.1      1.0
  6000.0    300.0    300.0    320.0    473.5     69.0      7.4      5.3     96.0     0.0     0.0     0.0     50.3      3.1     42.1      1.0
  6000.0    290.0    300.0    320.0    473.5     69.0      7.4      5.3     96.0     0.0     0.0     0.0     50.3      3.1     42.1      1.0
